10
87.036
1 0 69.555 7.52
2 0 96.077 62.82
2 1 48.777 13.14
3 0 87.604 10.84
3 1 20.256 50.41
3 2 94.6 7.96
4 0 71.977 32.25
4 1 98.754 80.7
4 2 68.406 86.37
4 3 60.799 41.62
5 0 36.494 71.73
5 1 28.181 6.59
5 2 71.409 18.46
5 3 76.056 18.48
5 4 89.382 3.55
6 0 28.455 35.82
6 1 71.164 79.21
6 2 30.297 20.88
6 3 4.413 3.89
6 4 39.83 24.39
6 5 97.622 48.99
7 0 91.168 25.15
7 1 48.234 13.8
7 2 71.879 68.91
7 3 97.028 45.9
7 4 97.772 63.46
7 5 24.788 12.29
7 6 22.959 61.0
8 0 16.652 65.7
8 1 72.015 17.8
8 2 37.31 17.92
8 3 32.09 62.16
8 4 78.602 74.34
8 5 90.224 17.84
8 6 7.631 1.48
8 7 53.596 78.45
9 0 19.796 1.53
9 1 82.757 42.07
9 2 87.347 69.15
9 3 53.782 14.78
9 4 60.925 46.77
9 5 11.428 43.03
9 6 98.242 36.54
9 7 54.065 18.38
9 8 6.152 12.95
