20
32.078
1 0 54.023 20.6
2 0 93.85 5.72
2 1 32.206 16.52
3 0 12.643 9.52
3 1 96.754 15.1
3 2 48.255 18.56
4 0 89.938 7.18
4 1 45.486 16.43
4 2 3.275 3.14
4 3 37.688 30.27
5 0 27.104 4.71
5 1 45.932 27.32
5 2 97.708 24.86
5 3 28.499 7.2
5 4 24.166 19.18
6 0 10.989 17.94
6 1 40.731 17.82
6 2 43.163 4.28
6 3 44.497 31.12
6 4 5.26 19.13
6 5 43.492 9.38
7 0 75.541 21.71
7 1 56.27 18.0
7 2 59.649 20.85
7 3 77.904 26.96
7 4 50.392 16.55
7 5 80.606 11.31
7 6 98.301 17.47
8 0 83.584 18.82
8 1 85.15 12.79
8 2 46.892 11.12
8 3 77.79 2.49
8 4 93.387 30.42
8 5 37.347 31.89
8 6 58.824 20.21
8 7 3.446 0.74
9 0 42.198 31.07
9 1 55.953 6.46
9 2 53.091 9.61
9 3 47.101 15.28
9 4 83.259 2.37
9 5 48.646 30.59
9 6 53.265 21.94
9 7 79.406 16.93
9 8 96.851 4.25
10 0 15.894 17.39
10 1 95.769 22.5
10 2 95.164 12.62
10 3 47.598 14.46
10 4 62.769 31.77
10 5 63.736 29.29
10 6 71.92 6.28
10 7 31.36 6.18
10 8 48.04 22.8
10 9 65.539 13.39
11 0 58.329 13.07
11 1 6.578 23.29
11 2 54.786 10.8
11 3 30.391 21.29
11 4 27.255 18.24
11 5 69.239 18.08
11 6 69.576 5.42
11 7 80.588 16.55
11 8 46.867 16.03
11 9 80.91 26.58
11 10 17.722 2.67
12 0 97.229 19.29
12 1 91.478 2.42
12 2 69.567 6.71
12 3 53.369 0.52
12 4 23.954 5.21
12 5 38.183 5.54
12 6 46.725 31.92
12 7 84.56 10.1
12 8 88.785 23.65
12 9 77.942 7.57
12 10 40.652 18.03
12 11 37.741 17.11
13 0 20.576 10.71
13 1 63.611 31.35
13 2 12.877 2.8
13 3 58.25 3.19
13 4 8.49 17.85
13 5 60.323 4.76
13 6 80.053 4.19
13 7 24.163 15.91
13 8 50.995 20.18
13 9 14.379 0.74
13 10 55.079 10.07
13 11 45.57 21.98
13 12 31.471 15.57
14 0 40.275 10.16
14 1 21.401 12.69
14 2 25.013 25.06
14 3 75.428 0.51
14 4 6.295 20.98
14 5 53.664 24.49
14 6 47.802 23.19
14 7 23.426 21.65
14 8 4.449 7.32
14 9 66.431 11.63
14 10 52.631 4.37
14 11 86.835 5.24
14 12 49.064 21.09
14 13 70.634 25.68
15 0 96.843 21.34
15 1 74.752 24.18
15 2 6.045 30.97
15 3 29.737 29.74
15 4 78.875 17.47
15 5 51.311 8.18
15 6 80.484 27.79
15 7 73.122 14.87
15 8 12.247 26.18
15 9 76.666 29.95
15 10 89.304 0.32
15 11 45.513 16.13
15 12 22.907 14.49
15 13 41.311 17.45
15 14 7.575 11.81
16 0 29.981 2.64
16 1 35.926 5.17
16 2 39.368 28.06
16 3 18.895 29.09
16 4 12.115 5.76
16 5 96.574 32.02
16 6 41.757 13.28
16 7 82.672 20.25
16 8 55.914 31.43
16 9 2.655 12.15
16 10 57.221 30.56
16 11 46.394 28.49
16 12 58.842 11.86
16 13 63.919 7.52
16 14 95.515 9.04
16 15 92.297 30.73
17 0 25.351 28.71
17 1 95.478 16.82
17 2 64.777 0.12
17 3 72.341 11.71
17 4 53.884 0.26
17 5 16.931 15.43
17 6 44.08 13.83
17 7 28.936 13.45
17 8 52.884 3.33
17 9 1.474 22.47
17 10 28.617 12.37
17 11 80.37 27.45
17 12 11.824 5.57
17 13 17.965 24.3
17 14 63.762 7.38
17 15 67.899 17.99
17 16 58.193 15.74
18 0 25.973 17.76
18 1 24.948 27.06
18 2 71.772 8.15
18 3 72.691 12.76
18 4 56.592 16.11
18 5 6.73 21.12
18 6 48.113 16.91
18 7 18.104 31.04
18 8 80.556 10.03
18 9 6.045 13.23
18 10 45.179 25.02
18 11 3.505 30.07
18 12 4.959 15.03
18 13 91.348 25.82
18 14 3.328 17.39
18 15 44.169 20.66
18 16 16.398 12.29
18 17 80.752 20.86
19 0 78.453 23.9
19 1 61.884 2.15
19 2 78.626 10.57
19 3 46.025 12.95
19 4 96.117 30.15
19 5 73.541 23.05
19 6 7.32 3.04
19 7 70.217 31.54
19 8 60.236 8.95
19 9 1.919 9.81
19 10 43.953 21.19
19 11 5.035 3.46
19 12 78.857 0.76
19 13 7.608 30.92
19 14 88.129 15.11
19 15 30.308 1.43
19 16 5.625 2.75
19 17 95.223 22.42
19 18 19.356 2.35

