50
17.793
1 0 47.534 15.11
2 0 31.95 16.28
2 1 23.397 5.76
3 0 35.189 1.28
3 1 44.884 4.47
3 2 24.539 7.87
4 0 18.359 13.57
4 1 66.224 1.18
4 2 85.9 14.97
4 3 37.138 5.49
5 0 50.938 16.8
5 1 31.555 5.95
5 2 56.095 2.57
5 3 87.183 3.52
5 4 16.226 5.96
6 0 27.513 5.46
6 1 9.232 12.6
6 2 14.545 12.03
6 3 24.86 4.88
6 4 2.53 3.45
6 5 2.175 12.62
7 0 89.435 12.44
7 1 39.377 13.07
7 2 87.508 7.75
7 3 91.405 5.23
7 4 35.543 11.68
7 5 52.091 0.17
7 6 44.89 3.31
8 0 6.815 9.29
8 1 45.779 3.82
8 2 45.493 10.95
8 3 90.396 14.18
8 4 93.315 13.08
8 5 18.301 9.87
8 6 27.108 17.74
8 7 25.357 2.04
9 0 42.715 16.5
9 1 96.748 6.48
9 2 24.004 5.35
9 3 14.445 7.48
9 4 3.499 11.1
9 5 2.679 10.9
9 6 17.314 1.92
9 7 72.779 9.61
9 8 4.652 17.03
10 0 50.691 10.66
10 1 11.915 7.7
10 2 16.79 5.35
10 3 80.878 14.62
10 4 50.908 17.6
10 5 67.092 3.68
10 6 51.073 0.06
10 7 57.321 17.4
10 8 58.756 5.42
10 9 99.146 4.17
11 0 25.596 4.6
11 1 57.656 9.98
11 2 84.233 13.62
11 3 6.512 4.02
11 4 29.975 1.53
11 5 43.824 1.49
11 6 26.98 15.02
11 7 28.139 15.43
11 8 34.919 7.51
11 9 37.926 0.5
11 10 88.068 9.56
12 0 68.613 2.66
12 1 31.267 16.7
12 2 92.878 6.73
12 3 27.465 1.69
12 4 23.609 4.88
12 5 98.28 13.22
12 6 40.207 4.85
12 7 83.538 7.93
12 8 71.746 9.26
12 9 96.79 11.15
12 10 88.08 17.08
12 11 72.41 6.44
13 0 44.338 4.25
13 1 72.692 0.15
13 2 5.909 8.37
13 3 94.836 9.88
13 4 16.818 2.64
13 5 1.288 9.44
13 6 7.721 10.76
13 7 54.763 12.05
13 8 62.242 17.55
13 9 87.954 12.89
13 10 6.97 0.27
13 11 78.435 4.86
13 12 18.529 10.97
14 0 62.61 16.74
14 1 83.372 13.34
14 2 96.862 15.64
14 3 71.744 10.29
14 4 85.926 0.89
14 5 82.599 8.16
14 6 82.339 5.93
14 7 60.487 9.93
14 8 3.732 5.58
14 9 11.763 17.57
14 10 49.917 4.15
14 11 19.528 12.32
14 12 63.805 1.16
14 13 96.305 7.89
15 0 11.107 9.37
15 1 14.779 6.64
15 2 59.306 14.38
15 3 75.285 5.03
15 4 52.01 9.9
15 5 67.081 6.54
15 6 74.672 14.79
15 7 12.943 5.61
15 8 99.801 8.84
15 9 22.351 0.06
15 10 40.315 17.11
15 11 4.685 13.63
15 12 90.447 13.88
15 13 34.771 0.04
15 14 90.788 17.33
16 0 65.833 16.77
16 1 75.285 11.76
16 2 6.469 14.78
16 3 63.051 3.71
16 4 4.229 8.45
16 5 61.333 0.46
16 6 16.523 5.35
16 7 10.488 0.21
16 8 75.733 11.91
16 9 79.974 15.49
16 10 72.852 2.77
16 11 54.259 10.16
16 12 68.505 4.6
16 13 81.993 11.25
16 14 49.674 0.53
16 15 66.467 17.5
17 0 20.679 4.15
17 1 92.88 12.19
17 2 16.334 10.28
17 3 45.87 9.23
17 4 58.316 15.95
17 5 96.414 15.81
17 6 14.7 14.14
17 7 58.091 9.4
17 8 25.464 1.76
17 9 91.867 16.52
17 10 8.654 1.09
17 11 29.143 6.19
17 12 98.271 7.99
17 13 51.174 11.7
17 14 42.137 17.1
17 15 62.409 0.22
17 16 16.252 11.76
18 0 23.96 9.88
18 1 86.983 2.3
18 2 50.969 0.76
18 3 55.115 16.98
18 4 78.623 1.57
18 5 39.864 17.71
18 6 16.405 16.17
18 7 33.738 17.44
18 8 88.988 9.61
18 9 45.811 9.17
18 10 98.591 3.5
18 11 30.823 3.5
18 12 0.673 17.19
18 13 18.767 15.92
18 14 67.983 2.17
18 15 75.803 7.38
18 16 37.393 5.0
18 17 15.581 5.77
19 0 20.182 10.14
19 1 52.738 5.71
19 2 50.53 12.68
19 3 5.76 5.18
19 4 21.957 14.37
19 5 26.019 13.38
19 6 84.29 15.0
19 7 27.384 3.99
19 8 93.915 13.51
19 9 20.833 7.31
19 10 90.501 0.09
19 11 29.982 13.12
19 12 52.886 9.96
19 13 0.317 5.4
19 14 8.273 1.82
19 15 4.8 4.95
19 16 0.956 1.21
19 17 49.347 10.6
19 18 10.154 10.48
20 0 15.386 14.96
20 1 65.479 4.34
20 2 77.026 0.23
20 3 37.105 9.06
20 4 10.844 1.76
20 5 53.43 2.7
20 6 30.449 9.35
20 7 7.891 7.44
20 8 20.459 5.96
20 9 18.354 8.75
20 10 96.549 17.39
20 11 77.428 10.41
20 12 54.038 3.91
20 13 73.746 9.48
20 14 68.214 2.01
20 15 20.086 1.9
20 16 79.607 6.91
20 17 31.073 3.22
20 18 5.505 11.4
20 19 11.854 14.33
21 0 28.037 1.3
21 1 14.94 10.06
21 2 10.035 17.63
21 3 40.077 8.42
21 4 63.497 2.53
21 5 56.862 4.23
21 6 28.858 4.7
21 7 29.038 6.87
21 8 80.956 12.63
21 9 43.462 13.48
21 10 56.095 8.89
21 11 25.671 16.56
21 12 34.191 17.5
21 13 76.98 16.37
21 14 98.157 2.36
21 15 50.861 6.68
21 16 40.572 13.54
21 17 12.315 1.01
21 18 94.481 12.12
21 19 97.627 1.87
21 20 2.411 9.37
22 0 9.645 5.85
22 1 0.326 6.23
22 2 88.474 9.4
22 3 48.348 11.16
22 4 60.924 8.38
22 5 14.573 7.99
22 6 12.277 4.78
22 7 91.085 1.45
22 8 92.413 5.43
22 9 60.771 6.2
22 10 23.96 7.22
22 11 73.144 2.84
22 12 20.245 13.62
22 13 82.557 15.0
22 14 42.917 16.15
22 15 69.434 17.37
22 16 63.677 9.02
22 17 33.955 4.83
22 18 52.156 3.01
22 19 98.76 11.18
22 20 92.429 15.98
22 21 71.297 4.93
23 0 1.777 10.04
23 1 97.268 10.82
23 2 68.2 13.68
23 3 61.533 11.1
23 4 59.621 15.43
23 5 5.163 3.23
23 6 71.31 10.19
23 7 73.487 12.6
23 8 24.751 16.65
23 9 44.619 11.81
23 10 38.622 2.12
23 11 49.862 1.52
23 12 50.798 9.24
23 13 82.462 15.05
23 14 16.362 3.89
23 15 8.938 16.34
23 16 64.204 17.11
23 17 29.609 16.39
23 18 27.283 4.56
23 19 94.847 16.5
23 20 79.759 4.07
23 21 37.017 13.32
23 22 99.696 5.44
24 0 71.771 11.95
24 1 71.713 13.45
24 2 32.352 11.5
24 3 76.236 8.97
24 4 43.127 7.06
24 5 54.479 3.48
24 6 23.148 7.23
24 7 46.4 10.7
24 8 20.814 2.9
24 9 54.639 10.9
24 10 67.627 4.7
24 11 16.381 15.3
24 12 4.189 1.05
24 13 32.216 14.72
24 14 9.872 16.1
24 15 21.541 13.12
24 16 84.63 15.63
24 17 80.748 13.19
24 18 19.453 3.48
24 19 78.206 3.92
24 20 78.097 3.33
24 21 61.341 0.94
24 22 17.208 2.87
24 23 15.025 8.99
25 0 25.617 12.31
25 1 76.965 7.0
25 2 22.143 0.45
25 3 75.261 12.82
25 4 41.831 3.6
25 5 9.971 15.71
25 6 62.813 14.16
25 7 6.598 12.99
25 8 40.295 0.91
25 9 13.41 9.65
25 10 49.01 2.54
25 11 5.475 15.59
25 12 76.956 4.18
25 13 81.618 0.13
25 14 53.533 16.63
25 15 52.636 14.11
25 16 68.175 14.62
25 17 90.34 1.38
25 18 74.618 10.71
25 19 49.614 3.04
25 20 14.172 4.34
25 21 70.446 0.05
25 22 28.674 4.78
25 23 49.969 2.72
25 24 64.707 2.35
26 0 91.685 1.97
26 1 75.521 14.51
26 2 93.78 15.38
26 3 54.326 15.57
26 4 54.375 13.04
26 5 51.523 16.75
26 6 1.885 8.32
26 7 70.745 14.25
26 8 39.725 17.48
26 9 41.264 0.92
26 10 99.635 10.27
26 11 18.472 15.86
26 12 20.807 15.46
26 13 97.802 3.28
26 14 17.105 10.94
26 15 98.979 4.5
26 16 26.499 10.6
26 17 30.103 14.55
26 18 5.714 16.04
26 19 1.656 10.62
26 20 58.231 12.33
26 21 27.945 3.36
26 22 43.489 8.66
26 23 56.196 8.97
26 24 48.202 5.11
26 25 74.119 12.53
27 0 86.926 2.53
27 1 76.662 4.44
27 2 55.239 4.34
27 3 20.61 16.76
27 4 57.735 5.06
27 5 97.645 6.66
27 6 22.793 8.0
27 7 49.517 0.23
27 8 81.67 15.51
27 9 90.884 5.72
27 10 71.707 7.55
27 11 13.894 15.7
27 12 78.466 4.0
27 13 35.503 5.14
27 14 35.506 5.3
27 15 46.007 1.81
27 16 49.303 12.7
27 17 89.476 2.12
27 18 31.03 14.59
27 19 70.732 12.37
27 20 79.17 11.77
27 21 32.801 11.31
27 22 25.458 5.91
27 23 8.805 2.14
27 24 34.98 8.77
27 25 92.937 14.73
27 26 1.318 7.51
28 0 8.188 8.64
28 1 98.16 16.09
28 2 74.949 6.06
28 3 54.236 7.02
28 4 40.967 7.33
28 5 83.171 0.13
28 6 9.22 6.49
28 7 76.563 16.06
28 8 65.816 1.45
28 9 29.319 2.96
28 10 67.986 2.25
28 11 24.348 4.83
28 12 62.206 17.35
28 13 92.612 0.71
28 14 79.093 0.81
28 15 12.828 14.66
28 16 25.25 3.42
28 17 38.12 16.11
28 18 76.777 4.13
28 19 77.393 11.6
28 20 70.345 2.94
28 21 9.607 10.41
28 22 71.792 14.31
28 23 78.088 11.91
28 24 96.009 6.47
28 25 67.24 1.19
28 26 20.22 9.63
28 27 9.583 12.47
29 0 71.07 14.94
29 1 50.043 14.11
29 2 35.613 16.95
29 3 74.647 4.39
29 4 99.96 16.88
29 5 2.032 16.54
29 6 8.097 9.14
29 7 45.545 1.93
29 8 18.442 1.47
29 9 78.746 11.45
29 10 84.96 0.08
29 11 41.783 12.42
29 12 63.39 4.9
29 13 70.344 6.64
29 14 75.389 17.28
29 15 6.385 15.26
29 16 72.328 4.56
29 17 3.979 16.0
29 18 69.369 12.92
29 19 53.897 0.58
29 20 51.144 13.19
29 21 36.376 14.21
29 22 53.386 14.47
29 23 51.886 11.61
29 24 10.432 7.73
29 25 66.995 6.57
29 26 40.759 4.34
29 27 15.915 6.23
29 28 36.547 6.01
30 0 44.659 4.03
30 1 96.893 1.86
30 2 97.146 12.41
30 3 30.878 13.18
30 4 91.129 11.56
30 5 70.468 5.62
30 6 8.057 5.52
30 7 20.928 4.23
30 8 55.796 4.64
30 9 52.986 9.56
30 10 15.882 14.87
30 11 82.134 9.76
30 12 84.345 0.57
30 13 95.101 6.39
30 14 71.84 9.97
30 15 91.283 9.23
30 16 2.976 5.28
30 17 72.906 9.87
30 18 69.198 9.57
30 19 11.897 15.43
30 20 96.916 3.82
30 21 62.396 9.49
30 22 77.997 16.12
30 23 38.894 9.92
30 24 24.52 12.32
30 25 50.705 5.38
30 26 93.874 9.52
30 27 30.987 10.39
30 28 0.876 0.09
30 29 96.569 7.78
31 0 82.271 14.82
31 1 5.541 4.51
31 2 61.631 10.38
31 3 38.694 6.78
31 4 6.691 7.58
31 5 13.694 15.35
31 6 62.33 3.53
31 7 33.117 12.48
31 8 44.104 4.9
31 9 81.993 17.56
31 10 53.647 0.85
31 11 71.435 13.63
31 12 68.991 0.2
31 13 52.666 6.78
31 14 24.377 1.47
31 15 47.529 13.99
31 16 45.898 7.1
31 17 70.037 11.52
31 18 81.868 14.09
31 19 40.419 2.93
31 20 57.383 10.07
31 21 94.829 12.16
31 22 6.071 14.59
31 23 24.934 5.04
31 24 3.595 16.56
31 25 82.009 14.73
31 26 2.603 11.36
31 27 62.229 6.24
31 28 44.112 11.54
31 29 64.703 14.55
31 30 75.767 5.03
32 0 11.073 4.88
32 1 65.815 17.49
32 2 85.596 8.23
32 3 38.947 2.05
32 4 20.371 17.5
32 5 4.967 11.97
32 6 55.783 8.37
32 7 27.829 5.86
32 8 14.473 6.1
32 9 20.545 1.35
32 10 30.633 11.32
32 11 86.496 11.7
32 12 46.633 4.87
 
32 13 60.478 12.53
32 14 25.987 17.24
32 15 48.209 17.28
32 16 58.534 6.92
32 17 3.819 16.51
32 18 38.791 2.17
32 19 27.52 3.83
32 20 9.645 11.26
32 21 76.107 13.67
32 22 38.87 14.15
32 23 39.104 6.15
32 24 19.029 13.09
32 25 4.051 13.58
32 26 82.637 4.85
32 27 67.086 1.76
32 28 92.281 13.62
32 29 26.425 10.7
32 30 54.742 8.88
32 31 69.272 1.05
33 0 35.851 16.11
33 1 77.338 11.17
33 2 1.744 8.05
33 3 36.484 3.61
33 4 58.845 1.32
33 5 8.381 1.1
33 6 27.289 8.21
33 7 2.416 7.8
33 8 1.204 5.73
33 9 7.478 7.9
33 10 34.503 1.66
33 11 45.734 7.91
33 12 47.223 2.02
33 13 91.671 9.06
33 14 85.396 5.18
33 15 72.914 4.87
33 16 53.135 12.1
33 17 56.196 1.65
33 18 15.399 9.78
33 19 18.875 16.82
33 20 19.578 7.91
33 21 50.715 7.58
33 22 33.641 4.99
33 23 14.681 13.82
33 24 40.43 15.46
33 25 91.06 10.13
33 26 89.033 12.18
33 27 85.602 5.2
33 28 40.205 17.61
33 29 3.357 5.54
33 30 76.532 6.66
33 31 22.164 6.72
33 32 51.47 10.01
34 0 54.254 7.6
34 1 2.11 12.08
34 2 5.137 13.58
34 3 69.43 11.93
34 4 30.712 7.79
34 5 22.341 0.61
34 6 57.91 1.12
34 7 86.688 15.48
34 8 55.22 3.09
34 9 51.35 17.48
34 10 7.016 13.89
34 11 78.848 8.18
34 12 37.555 11.23
34 13 57.649 6.71
34 14 42.546 1.17
34 15 4.752 10.03
34 16 91.07 7.86
34 17 42.215 12.06
34 18 66.381 13.86
34 19 56.856 0.88
34 20 41.459 2.7
34 21 63.609 8.92
34 22 51.689 4.79
34 23 99.99 5.31
34 24 44.354 14.64
34 25 23.36 8.03
34 26 26.971 8.04
34 27 90.182 16.66
34 28 2.825 1.24
34 29 25.033 15.24
34 30 98.092 13.16
34 31 32.945 0.9
34 32 51.736 2.14
34 33 72.628 9.3
35 0 11.63 13.49
35 1 84.956 5.12
35 2 1.931 3.26
35 3 89.675 8.01
35 4 46.769 2.93
35 5 76.358 3.38
35 6 76.716 8.29
35 7 52.939 0.39
35 8 98.232 8.96
35 9 17.404 15.05
35 10 23.055 11.66
35 11 84.719 15.14
35 12 43.224 2.27
35 13 66.066 17.32
35 14 40.426 1.41
35 15 32.991 3.15
35 16 21.712 1.17
35 17 24.92 8.0
35 18 55.856 9.69
35 19 28.714 10.72
35 20 98.694 2.49
35 21 27.805 4.12
35 22 70.993 4.47
35 23 85.083 12.88
35 24 19.024 10.8
35 25 74.232 3.12
35 26 13.146 6.09
35 27 93.352 15.88
35 28 94.305 0.52
35 29 32.867 8.75
35 30 51.728 13.98
35 31 23.103 0.97
35 32 32.101 13.04
35 33 77.174 11.22
35 34 83.239 17.15
36 0 89.845 7.23
36 1 54.253 6.86
36 2 16.987 2.46
36 3 7.175 8.04
36 4 81.782 7.39
36 5 9.516 12.94
36 6 14.95 5.13
36 7 75.855 4.29
36 8 18.498 17.39
36 9 49.884 12.25
36 10 40.242 8.62
36 11 83.423 0.51
36 12 37.426 0.3
36 13 78.11 17.4
36 14 21.86 9.44
36 15 70.446 6.06
36 16 3.782 6.67
36 17 72.319 2.19
36 18 8.753 7.46
36 19 11.264 10.88
36 20 36.452 0.64
36 21 58.306 8.49
36 22 4.194 6.54
36 23 26.935 10.24
36 24 62.133 4.46
36 25 33.79 15.05
36 26 49.319 8.46
36 27 53.438 14.61
36 28 71.183 2.79
36 29 67.521 4.48
36 30 50.792 13.26
36 31 13.291 2.43
36 32 58.408 1.98
36 33 46.821 14.74
36 34 86.618 9.51
36 35 73.138 15.41
37 0 83.98 17.36
37 1 34.576 1.1
37 2 17.005 2.54
37 3 18.102 16.22
37 4 76.148 6.88
37 5 5.861 1.55
37 6 59.794 6.43
37 7 15.122 13.28
37 8 81.328 10.39
37 9 5.818 4.19
37 10 48.743 15.12
37 11 49.302 12.92
37 12 50.774 13.16
37 13 93.229 4.5
37 14 44.966 15.61
37 15 67.217 2.18
37 16 83.004 4.95
37 17 93.716 5.92
37 18 44.288 2.26
37 19 74.59 14.1
37 20 35.767 6.84
37 21 36.863 7.62
37 22 58.843 12.36
37 23 79.86 6.06
37 24 61.21 3.36
37 25 84.196 16.44
37 26 36.405 7.11
37 27 37.091 0.63
37 28 79.705 12.16
37 29 78.795 10.23
37 30 51.825 9.1
37 31 76.226 5.95
37 32 94.244 2.81
37 33 19.869 6.62
37 34 28.788 10.66
37 35 65.455 8.6
37 36 39.366 9.88
38 0 83.088 1.94
38 1 72.377 13.55
38 2 13.979 12.72
38 3 63.546 9.9
38 4 75.914 2.26
38 5 36.101 2.81
38 6 78.898 14.24
38 7 23.924 0.53
38 8 5.801 16.08
38 9 37.623 4.21
38 10 66.762 1.77
38 11 2.572 10.55
38 12 62.611 4.22
38 13 32.353 15.17
38 14 10.156 14.39
38 15 48.876 12.3
38 16 55.696 15.78
38 17 2.03 14.16
38 18 48.545 1.34
38 19 52.052 8.1
38 20 20.372 6.86
38 21 5.146 2.93
38 22 97.762 4.37
38 23 81.829 14.79
38 24 81.557 7.3
38 25 85.528 11.71
38 26 76.316 0.86
38 27 95.84 17.44
38 28 88.466 12.54
38 29 97.55 13.88
38 30 47.591 11.05
38 31 78.834 14.21
38 32 42.72 5.21
38 33 85.515 8.82
38 34 38.49 15.5
38 35 76.417 1.6
38 36 90.026 5.25
38 37 42.402 7.71
39 0 92.763 0.97
39 1 1.943 2.6
39 2 50.779 8.47
39 3 46.531 14.37
39 4 23.145 8.62
39 5 68.603 10.49
39 6 61.849 8.43
39 7 87.373 14.61
39 8 61.034 4.54
39 9 25.543 12.97
39 10 71.515 15.72
39 11 33.735 3.27
39 12 41.722 5.34
39 13 10.294 16.76
39 14 10.653 1.77
39 15 52.382 17.71
39 16 99.391 6.97
39 17 89.807 5.37
39 18 43.432 3.16
39 19 44.15 13.06
39 20 33.459 5.58
39 21 15.33 17.65
39 22 73.957 17.25
39 23 90.025 1.97
39 24 28.246 16.57
39 25 66.472 16.89
39 26 69.197 6.62
39 27 39.774 15.48
39 28 6.87 0.48
39 29 17.68 13.56
39 30 87.766 14.77
39 31 93.921 8.55
39 32 25.264 3.84
39 33 41.291 14.33
39 34 96.299 3.99
39 35 37.851 15.86
39 36 5.043 16.41
39 37 23.004 17.27
39 38 22.032 11.8
40 0 74.286 9.38
40 1 5.307 10.63
40 2 3.083 15.48
40 3 52.349 11.86
40 4 33.975 3.91
40 5 43.223 13.08
40 6 38.204 5.71
40 7 36.721 2.45
40 8 45.649 8.82
40 9 32.431 7.75
40 10 68.39 10.39
40 11 73.279 3.49
40 12 26.063 15.99
40 13 83.512 6.45
40 14 77.809 13.84
40 15 97.691 6.88
40 16 8.005 2.28
40 17 83.328 7.32
40 18 33.889 16.12
40 19 65.014 7.48
40 20 41.877 3.62
40 21 53.616 9.11
40 22 15.573 16.65
40 23 45.757 17.59
40 24 92.468 2.51
40 25 70.948 11.13
40 26 85.752 9.66
40 27 70.311 2.01
40 28 38.374 13.6
40 29 51.423 1.72
40 30 35.053 9.69
40 31 2.672 1.21
40 32 6.916 13.92
40 33 11.157 3.53
40 34 21.952 7.84
40 35 12.375 13.84
40 36 25.268 16.97
40 37 99.229 14.95
40 38 61.18 2.46
40 39 83.61 15.04
41 0 82.542 5.49
41 1 10.572 8.61
41 2 52.455 5.58
41 3 89.715 0.25
41 4 56.692 10.13
41 5 37.031 12.88
41 6 75.625 16.71
41 7 34.156 15.11
41 8 66.156 14.83
41 9 73.588 1.62
41 10 26.917 8.91
41 11 53.744 12.54
41 12 77.591 2.45
41 13 40.078 8.61
41 14 32.278 13.63
41 15 59.99 14.46
41 16 9.727 6.94
41 17 34.444 8.51
41 18 72.804 17.46
41 19 43.044 10.72
41 20 19.179 13.04
41 21 65.434 13.69
41 22 68.785 11.51
41 23 14.367 9.75
41 24 17.965 4.63
41 25 8.564 8.49
41 26 90.765 17.45
41 27 22.708 10.53
41 28 83.841 3.69
41 29 54.475 0.26
41 30 16.873 7.07
41 31 80.675 1.82
41 32 74.997 15.52
41 33 67.005 14.14
41 34 89.181 8.84
41 35 21.473 2.89
41 36 31.213 6.03
41 37 38.406 0.17
41 38 20.27 10.16
41 39 65.617 2.09
41 40 48.689 1.9
42 0 38.458 5.23
42 1 37.278 17.39
42 2 99.506 3.2
42 3 84.8 16.64
42 4 6.925 5.03
42 5 34.166 11.53
42 6 67.204 10.98
42 7 8.891 17.45
42 8 32.316 14.55
42 9 23.521 12.85
42 10 9.999 16.75
42 11 18.276 4.28
42 12 95.839 10.19
42 13 95.437 13.46
42 14 22.47 5.75
42 15 41.771 2.21
42 16 10.046 16.3
42 17 63.163 12.96
42 18 25.414 0.45
42 19 34.645 9.96
42 20 44.258 14.89
42 21 35.111 1.36
42 22 63.734 2.9
42 23 22.776 3.84
42 24 98.464 8.0
42 25 18.24 2.96
42 26 6.858 0.15
42 27 43.244 8.79
42 28 24.8 11.16
42 29 89.272 9.25
42 30 97.779 3.86
42 31 79.766 8.98
42 32 20.11 8.61
42 33 98.118 5.63
42 34 28.705 13.38
42 35 91.443 8.25
42 36 35.118 6.86
42 37 32.254 5.2
42 38 96.985 4.26
42 39 39.181 4.61
42 40 15.7 12.8
42 41 50.15 12.29
43 0 60.19 9.53
43 1 39.923 8.46
43 2 92.421 9.72
43 3 61.063 11.58
43 4 65.662 8.46
43 5 13.242 14.33
43 6 90.929 8.64
43 7 64.225 2.08
43 8 67.653 3.38
43 9 28.867 15.43
43 10 13.435 12.17
43 11 0.883 8.88
43 12 43.455 10.8
43 13 8.986 10.99
43 14 98.75 3.0
43 15 81.438 0.1
43 16 39.85 12.71
43 17 8.327 0.78
43 18 17.346 9.55
43 19 70.677 16.78
43 20 62.055 8.68
43 21 61.367 6.06
43 22 30.632 7.74
43 23 5.225 9.82
43 24 40.312 5.21
43 25 48.185 7.46
43 26 35.863 13.65
43 27 57.847 0.82
43 28 24.092 9.71
43 29 45.94 13.03
43 30 2.862 1.72
43 31 88.828 16.51
43 32 15.455 5.06
43 33 13.237 7.92
43 34 46.102 16.05
43 35 79.517 1.2
43 36 15.519 4.49
43 37 52.66 7.79
43 38 30.006 11.94
43 39 52.568 17.1
43 40 57.073 12.83
43 41 22.929 7.38
43 42 19.306 3.19
44 0 69.764 16.18
44 1 83.018 12.1
44 2 12.038 9.27
44 3 86.754 7.33
44 4 40.872 11.61
44 5 6.939 8.97
44 6 82.449 11.44
44 7 30.623 15.53
44 8 89.859 0.41
44 9 78.718 3.67
44 10 90.458 8.38
44 11 26.75 15.68
44 12 70.336 15.84
44 13 51.919 7.8
44 14 5.475 15.6
44 15 15.849 5.89
44 16 98.485 15.16
44 17 85.384 12.61
44 18 39.697 1.66
44 19 97.288 6.81
44 20 41.783 0.28
44 21 40.698 3.37
44 22 75.257 3.22
44 23 73.731 17.07
44 24 13.986 16.9
44 25 90.394 4.8
44 26 32.416 11.31
44 27 88.639 11.86
44 28 50.784 4.33
44 29 4.304 17.72
44 30 95.596 1.12
44 31 32.469 16.31
44 32 93.328 3.5
44 33 80.545 13.82
44 34 93.063 17.53
44 35 14.468 3.22
44 36 31.609 1.66
44 37 65.065 4.97
44 38 71.521 1.3
44 39 10.352 5.06
44 40 96.521 8.88
44 41 26.057 9.6
44 42 29.286 4.61
44 43 91.801 16.53
45 0 59.979 3.13
45 1 74.489 0.9
45 2 35.776 10.19
45 3 62.412 10.31
45 4 49.307 17.54
45 5 39.544 14.27
45 6 32.184 2.79
45 7 49.916 3.99
45 8 76.776 16.58
45 9 74.25 5.76
45 10 18.533 15.32
45 11 38.539 16.11
45 12 34.702 5.68
45 13 8.549 15.77
45 14 9.541 16.88
45 15 93.235 3.18
45 16 68.088 2.96
45 17 26.878 10.22
45 18 85.586 2.8
 
45 19 4.807 2.36
45 20 26.431 4.31
45 21 73.825 7.41
45 22 36.965 14.67
45 23 90.431 7.67
45 24 41.362 16.77
45 25 57.177 9.94
45 26 49.567 16.25
45 27 79.463 17.5
45 28 69.734 1.39
45 29 1.201 7.97
45 30 0.325 14.51
45 31 10.371 17.7
45 32 72.88 1.99
45 33 76.16 5.99
45 34 65.328 15.19
45 35 98.437 8.66
45 36 17.96 9.74
45 37 44.605 15.87
45 38 36.569 9.67
45 39 1.288 15.13
45 40 11.656 5.64
45 41 68.706 14.14
45 42 48.986 15.62
45 43 16.536 9.93
45 44 9.579 17.54
46 0 12.798 14.99
46 1 96.952 5.09
46 2 33.795 15.96
46 3 61.153 8.86
46 4 48.232 0.39
46 5 3.881 14.61
46 6 67.658 0.2
46 7 48.162 11.87
46 8 33.383 7.33
46 9 28.506 8.82
46 10 90.478 14.67
46 11 46.433 16.03
46 12 5.474 7.31
46 13 45.524 8.67
46 14 14.72 4.07
46 15 5.412 8.4
46 16 54.151 4.99
46 17 30.499 14.63
46 18 65.64 7.73
46 19 66.826 0.69
46 20 51.036 6.68
46 21 57.992 16.88
46 22 68.156 14.03
46 23 11.123 1.37
46 24 28.638 14.69
46 25 45.887 15.62
46 26 53.281 12.57
46 27 81.678 12.99
46 28 96.558 2.54
46 29 93.067 9.18
46 30 12.569 16.15
46 31 53.024 8.23
46 32 56.623 17.42
46 33 35.078 11.97
46 34 89.689 3.97
46 35 70.888 3.31
46 36 86.388 0.68
46 37 5.201 14.88
46 38 1.417 8.48
46 39 39.317 14.15
46 40 67.149 16.88
46 41 66.637 10.26
46 42 54.605 12.62
46 43 87.003 4.52
46 44 2.403 17.7
46 45 35.422 3.66
47 0 26.794 0.01
47 1 2.033 8.43
47 2 38.934 14.13
47 3 51.744 15.75
47 4 31.812 7.56
47 5 81.798 8.76
47 6 1.176 3.42
47 7 34.936 12.41
47 8 49.841 4.42
47 9 51.322 8.57
47 10 86.886 7.53
47 11 84.126 5.54
47 12 54.029 11.96
47 13 71.194 4.08
47 14 3.481 1.88
47 15 59.131 1.94
47 16 20.888 11.48
47 17 22.823 6.03
47 18 37.297 1.02
47 19 70.04 5.86
47 20 24.532 4.91
47 21 28.166 1.04
47 22 95.234 7.08
47 23 65.239 0.74
47 24 66.144 4.3
47 25 84.584 3.3
47 26 20.293 8.06
47 27 78.403 10.36
47 28 90.184 3.47
47 29 42.373 7.37
47 30 2.946 8.58
47 31 58.086 13.71
47 32 12.765 3.32
47 33 65.924 10.14
47 34 75.718 12.6
47 35 11.197 11.78
47 36 18.027 7.8
47 37 12.959 4.82
47 38 99.49 8.09
47 39 44.187 4.27
47 40 28.676 2.08
47 41 10.586 3.22
47 42 53.625 6.99
47 43 12.813 11.32
47 44 35.184 15.83
47 45 32.554 9.38
47 46 68.557 17.39
48 0 88.99 16.64
48 1 16.722 3.9
48 2 1.384 10.7
48 3 17.312 9.55
48 4 37.041 2.29
48 5 83.874 5.35
48 6 15.546 3.18
48 7 59.18 2.13
48 8 27.333 2.01
48 9 22.979 0.76
48 10 22.743 16.38
48 11 70.934 9.25
48 12 44.424 9.91
48 13 46.26 14.41
48 14 48.33 10.63
48 15 79.373 17.73
48 16 57.325 13.53
48 17 90.816 12.53
48 18 66.429 12.82
48 19 77.438 9.08
48 20 85.568 5.58
48 21 16.72 14.26
48 22 20.514 3.18
48 23 6.05 15.31
48 24 4.868 11.0
48 25 56.106 15.46
48 26 33.709 10.84
48 27 60.352 16.52
48 28 7.092 14.53
48 29 95.842 3.61
48 30 48.633 9.7
48 31 33.44 2.84
48 32 84.523 16.98
48 33 87.058 14.1
48 34 2.141 4.19
48 35 90.77 17.17
48 36 70.294 2.77
48 37 98.635 0.34
48 38 2.815 0.02
48 39 27.435 0.44
48 40 3.361 11.17
48 41 10.427 1.71
48 42 33.174 13.95
48 43 76.405 6.45
48 44 68.159 10.37
48 45 65.317 9.21
48 46 30.869 13.41
48 47 1.801 13.9
49 0 56.032 12.53
49 1 83.575 8.04
49 2 63.146 3.93
49 3 77.343 13.65
49 4 64.466 10.2
49 5 65.816 15.7
49 6 3.127 9.79
49 7 96.575 1.77
49 8 21.134 16.44
49 9 63.416 10.08
49 10 10.64 16.56
49 11 30.509 3.6
49 12 56.866 12.84
49 13 4.129 12.22
49 14 94.921 16.74
49 15 42.508 7.54
49 16 92.167 7.5
49 17 30.569 14.37
49 18 70.983 15.59
49 19 16.496 15.02
49 20 57.303 3.26
49 21 37.232 9.39
49 22 77.817 8.66
49 23 40.582 2.16
49 24 9.95 10.98
49 25 65.434 0.79
49 26 81.733 2.82
49 27 39.253 15.17
49 28 47.343 12.17
49 29 64.111 4.57
49 30 24.939 8.75
49 31 50.686 8.18
49 32 14.188 9.83
49 33 38.903 9.53
49 34 47.837 15.37
49 35 50.277 14.06
49 36 72.568 8.87
49 37 78.112 8.18
49 38 58.703 3.7
49 39 63.272 15.64
49 40 87.642 6.11
49 41 47.973 16.79
49 42 45.983 8.72
49 43 86.238 15.81
49 44 60.437 15.9
49 45 6.679 13.71
49 46 71.986 3.15
49 47 66.182 14.64
49 48 51.031 13.49

